[gd_resource type="Skin" format=3 uid="uid://krhjlmig2rym"]

[resource]
resource_name = "Skin"
bind_count = 39
bind/0/name = &"Fox_Head"
bind/0/bone = -1
bind/0/pose = Transform3D(1.30766e-07, -0.866025, 0.5, 7.54979e-08, -0.5, -0.866025, 1, 1.50996e-07, 2.55175e-14, -0.976091, 0.652555, 3.27139e-06)
bind/1/name = &"Fox_LEye"
bind/1/bone = -1
bind/1/pose = Transform3D(0.0871558, -0.996195, 1.49012e-07, 0.996195, 0.0871558, -1.37836e-07, 1.24324e-07, 1.60458e-07, 1, -0.661546, -0.128778, -1.15146)
bind/2/name = &"Fox_Pelvis"
bind/2/bone = -1
bind/2/pose = Transform3D(1.68683e-07, -1, 6.12323e-17, 1.07284e-07, 1.80358e-14, -1, 1, 1.68683e-07, 1.07284e-07, 0.347874, 0.737925, -1.22642e-07)
bind/3/name = &"Fox_Spine1"
bind/3/bone = -1
bind/3/pose = Transform3D(-4.8074e-06, -0.998526, -0.0542686, 6.02612e-07, 0.0542686, -0.998526, 1, -4.83302e-06, 3.40833e-07, 0.387408, 0.717959, 1.44498e-06)
bind/4/name = &"Fox_Spine2"
bind/4/bone = -1
bind/4/pose = Transform3D(-4.71123e-06, -0.997845, 0.0656121, 4.15234e-08, -0.0656121, -0.997845, 1, -4.69835e-06, 3.50548e-07, -0.0339449, 0.719064, 1.4362e-06)
bind/5/name = &"Fox_UpperLEyelid"
bind/5/bone = -1
bind/5/pose = Transform3D(0.0940902, -0.858389, 0.504296, 0.992404, 0.121194, 0.0211316, -0.079257, 0.498477, 0.863272, -1.15424, -0.130355, -0.656373)
bind/6/name = &"Fox_LowerLEyelid"
bind/6/bone = -1
bind/6/pose = Transform3D(0.111595, -0.814545, -0.569265, 0.992404, 0.121194, 0.0211316, 0.0517792, -0.567299, 0.821882, 0.107071, -0.130355, -1.32349)
bind/7/name = &"Fox_Jaw"
bind/7/bone = -1
bind/7/pose = Transform3D(1.4189e-07, -0.939693, -0.34202, -5.16435e-08, 0.34202, -0.939693, 1, 1.50996e-07, 2.47524e-14, -0.354256, 1.14301, 3.29703e-06)
bind/8/name = &"Fox_LEar1"
bind/8/bone = -1
bind/8/pose = Transform3D(0.314697, -0.113407, 0.942393, 0.625254, -0.722229, -0.295706, 0.714159, 0.682293, -0.156375, -1.42202, -0.08851, 0.349704)
bind/9/name = &"Fox_Spine"
bind/9/bone = -1
bind/9/pose = Transform3D(3.11594e-08, -0.536521, 0.843887, -3.9155e-08, -0.843887, -0.536521, 1, -1.63247e-08, -4.73025e-08, -0.798172, 0.127038, 3.23437e-06)
bind/10/name = &"Fox_Ribcage"
bind/10/bone = -1
bind/10/pose = Transform3D(6.16769e-08, -0.984808, 0.173648, 1.13245e-07, -0.173648, -0.984808, 1, 8.04047e-08, 1.00814e-07, -0.444953, 0.674711, 3.15556e-06)
bind/11/name = &"Fox_F_LLeg1"
bind/11/bone = -1
bind/11/pose = Transform3D(-0.00572727, 0.346367, -0.938081, 0.0315993, -0.937566, -0.34637, -0.999484, -0.0316264, -0.00557527, 0.816872, -0.0748564, 0.244161)
bind/12/name = &"Fox_LEar2"
bind/12/bone = -1
bind/12/pose = Transform3D(0.36129, -0.167947, 0.917204, 0.599546, -0.711519, -0.366449, 0.714152, 0.682301, -0.156373, -1.58878, 0.0322893, 0.349705)
bind/13/name = &"Fox_F_LLeg2"
bind/13/bone = -1
bind/13/pose = Transform3D(-0.0829129, -0.224377, -0.970969, -0.099118, -0.967636, 0.232071, -0.991615, 0.115482, 0.0579897, 0.379996, -0.293634, 0.248814)
bind/14/name = &"Fox_LLeg1"
bind/14/bone = -1
bind/14/pose = Transform3D(0.0335669, -0.197232, -0.979782, -0.0377849, -0.979884, 0.195958, -0.998722, 0.0304433, -0.040344, 0.785147, 0.203557, 0.211689)
bind/15/name = &"Fox_F_LLegAnkle"
bind/15/bone = -1
bind/15/pose = Transform3D(1.47613e-05, -0.479833, -0.87736, -1.03827e-07, -0.87736, 0.479833, -1, -6.99185e-06, -1.30008e-05, -0.0521323, -0.314531, 0.222018)
bind/16/name = &"Fox_F_LLegDigit11"
bind/16/bone = -1
bind/16/pose = Transform3D(2.55923e-07, -1, 6.12323e-17, -8.74228e-08, -2.23123e-14, 1, -1, -2.55923e-07, -8.74228e-08, -0.358494, -0.0194629, 0.222023)
bind/17/name = &"Fox_LLeg2"
bind/17/bone = -1
bind/17/pose = Transform3D(-0.0159507, 0.960359, -0.278308, 0.196681, -0.269892, -0.942589, -0.980338, -0.069773, -0.18458, -0.155332, 0.398615, 0.291409)
bind/18/name = &"Fox_LLegAnkle"
bind/18/bone = -1
bind/18/pose = Transform3D(-0.000578352, -0.401307, -0.915943, 2.57155e-07, -0.915943, 0.401307, -1, 0.000231862, 0.000529841, 0.498839, 0.354856, 0.200392)
bind/19/name = &"Fox_LLegDigit11"
bind/19/bone = -1
bind/19/pose = Transform3D(2.55923e-07, -1, 6.12323e-17, -8.74228e-08, -2.23123e-14, 1, -1, -2.55923e-07, -8.74228e-08, 0.387486, -0.0194628, 0.200493)
bind/20/name = &"Fox_Tail1"
bind/20/bone = -1
bind/20/pose = Transform3D(-3.32645e-08, 0.99396, -0.109745, 1.02507e-07, 0.109745, 0.99396, 1, 2.1814e-08, -1.05538e-07, -0.419265, -0.863683, 9.69457e-08)
bind/21/name = &"Fox_Tail2"
bind/21/bone = -1
bind/21/pose = Transform3D(-6.4163e-08, 0.995567, -0.0940509, 1.03489e-07, 0.0940509, 0.995567, 1, 5.41453e-08, -1.09065e-07, -0.700148, -0.852743, 7.45784e-08)
bind/22/name = &"Fox_Tail3"
bind/22/bone = -1
bind/22/pose = Transform3D(-4.24968e-08, 0.999888, -0.0149784, 1.07466e-07, 0.0149784, 0.999888, 1, 4.08823e-08, -1.0809e-07, -0.973392, -0.778161, 8.68974e-08)
bind/23/name = &"Fox_Tail4"
bind/23/bone = -1
bind/23/pose = Transform3D(-2.98793e-08, 0.999686, 0.0250556, 1.0825e-07, -0.0250556, 0.999686, 1, 3.25822e-08, -1.07468e-07, -1.2244, -0.729737, 9.64319e-08)
bind/24/name = &"Fox_Tail5"
bind/24/bone = -1
bind/24/pose = Transform3D(-1.17474e-08, 0.994697, 0.102847, 1.09244e-07, -0.102847, 0.994697, 1, 2.29206e-08, -1.07457e-07, -1.48001, -0.616328, 1.10035e-07)
bind/25/name = &"Fox_Tail6"
bind/25/bone = -1
bind/25/pose = Transform3D(-1.70073e-10, 0.98819, 0.153235, 1.09568e-07, -0.153235, 0.98819, 1, 1.69577e-08, -1.08248e-07, -1.69119, -0.531118, 1.20135e-07)
bind/26/name = &"Fox_REye"
bind/26/bone = -1
bind/26/pose = Transform3D(-0.0871555, -0.996195, 5.96046e-08, -0.996195, 0.0871555, -1.49012e-07, 1.4325e-07, -7.2365e-08, -1, -0.661547, -0.128784, 1.15146)
bind/27/name = &"Fox_UpperREyelid"
bind/27/bone = -1
bind/27/pose = Transform3D(-0.0940899, -0.858389, 0.504296, -0.992404, 0.121194, 0.0211315, -0.0792568, -0.498477, -0.863272, -1.15424, -0.130361, 0.656372)
bind/28/name = &"Fox_LowerREyelid"
bind/28/bone = -1
bind/28/pose = Transform3D(-0.111595, -0.814545, -0.569265, -0.992404, 0.121194, 0.0211315, 0.051779, 0.567299, -0.821882, 0.107071, -0.130361, 1.32349)
bind/29/name = &"Fox_REar1"
bind/29/bone = -1
bind/29/pose = Transform3D(-0.314697, -0.113406, 0.942393, -0.625259, -0.722225, -0.295706, 0.714155, -0.682297, 0.156374, -1.42202, -0.0885139, -0.3497)
bind/30/name = &"Fox_F_RLeg1"
bind/30/bone = -1
bind/30/pose = Transform3D(0.00572753, 0.346366, -0.938082, -0.0315989, -0.937566, -0.346368, -0.999484, 0.0316262, 0.00557484, 0.816872, -0.0748581, -0.244167)
bind/31/name = &"Fox_REar2"
bind/31/bone = -1
bind/31/pose = Transform3D(-0.361292, -0.167951, 0.917203, -0.599535, -0.711528, -0.36645, 0.714161, -0.68229, 0.156377, -1.58879, 0.0322873, -0.349699)
bind/32/name = &"Fox_F_RLeg2"
bind/32/bone = -1
bind/32/pose = Transform3D(0.0828344, -0.224223, -0.97101, 0.0991598, -0.967671, 0.231911, -0.991618, -0.115495, -0.0579226, 0.38003, -0.293564, -0.248852)
bind/33/name = &"Fox_RLeg1"
bind/33/bone = -1
bind/33/pose = Transform3D(-0.0335658, -0.197233, -0.979782, 0.0377913, -0.979884, 0.195958, -0.998722, -0.0304497, 0.0403443, 0.785148, 0.203558, -0.211687)
bind/34/name = &"Fox_F_RLegAnkle"
bind/34/bone = -1
bind/34/pose = Transform3D(-1.4463e-05, -0.479833, -0.87736, 2.84749e-07, -0.87736, 0.479833, -1, 6.69e-06, 1.28259e-05, -0.0521211, -0.314481, -0.22205)
bind/35/name = &"Fox_F_RLegDigit11"
bind/35/bone = -1
bind/35/pose = Transform3D(2.55923e-07, -1, 6.12323e-17, -8.74228e-08, -2.23123e-14, 1, -1, -2.55923e-07, -8.74228e-08, -0.358444, -0.0194485, -0.222055)
bind/36/name = &"Fox_RLeg2"
bind/36/bone = -1
bind/36/pose = Transform3D(0.0159498, 0.960379, -0.278237, -0.19668, -0.269823, -0.942611, -0.980338, 0.069758, 0.184584, -0.155365, 0.398604, -0.291406)
bind/37/name = &"Fox_RLegAnkle"
bind/37/bone = -1
bind/37/pose = Transform3D(0.000396733, -0.40119, -0.915995, 4.53828e-08, -0.915995, 0.40119, -1, -0.000159207, -0.000363387, 0.498776, 0.354918, -0.200483)
bind/38/name = &"Fox_RLegDigit11"
bind/38/bone = -1
bind/38/pose = Transform3D(2.55923e-07, -1, 6.12323e-17, -8.74228e-08, -2.23123e-14, 1, -1, -2.55923e-07, -8.74228e-08, 0.38753, -0.0194635, -0.200551)
