[gd_scene load_steps=14 format=3 uid="uid://ct5goni5m1dgr"]

[ext_resource type="Script" path="res://addons/unidot_importer/runtime/anim_tree.gd" id="1_j68i4"]
[ext_resource type="ArrayMesh" uid="uid://df2qet3ma842" path="res://Assets/_Assets/SyntyStudios/PolygonAdventure/Models/Characters/extracted/Characters.Character_Warrior.mesh" id="2_eush1"]
[ext_resource type="Material" uid="uid://bn7rf38aqypwg" path="res://Assets/_Assets/SyntyStudios/PolygonAdventure/Materials/Characters_White.mat.tres" id="3_ogduu"]
[ext_resource type="ArrayMesh" uid="uid://btbnn40llqcil" path="res://Assets/_Assets/SyntyStudios/PolygonAdventure/Models/Characters/extracted/Characters.Character_Peasant.mesh" id="4_nis28"]
[ext_resource type="ArrayMesh" uid="uid://bdl2blu4r7gqp" path="res://Assets/_Assets/SyntyStudios/PolygonAdventure/Models/Characters/extracted/Characters.Character_Shopkeeper.mesh" id="5_s4pq3"]
[ext_resource type="ArrayMesh" uid="uid://b6d7ysag1uf5" path="res://Assets/_Assets/SyntyStudios/PolygonAdventure/Models/Characters/extracted/Characters.Character_Viking.mesh" id="6_1balx"]
[ext_resource type="ArrayMesh" uid="uid://b15vke5x7bpwx" path="res://Assets/_Assets/SyntyStudios/PolygonAdventure/Models/Characters/extracted/Characters.Character_Knight.mesh" id="7_aneyp"]
[ext_resource type="Material" uid="uid://dxlqrt8b76swm" path="res://Assets/_Assets/SyntyStudios/PolygonAdventure/Materials/Characters_Black.mat.tres" id="8_hvseu"]

[sub_resource type="Skin" id="Skin_401lw"]
resource_name = "Skin"
bind_count = 49
bind/0/name = &"Root 1"
bind/0/bone = 0
bind/0/pose = Transform3D(0, 0, 1, 0.988775, 0.149412, 0, -0.149412, 0.988775, 0, 0, 0, 0)
bind/1/name = &"Hips"
bind/1/bone = 1
bind/1/pose = Transform3D(1, -5.20835e-17, 6.0545e-17, 5.20835e-17, 1, -2.98023e-08, -6.0545e-17, 0, 1, 4.56395e-17, -0.876276, 2.98023e-08)
bind/2/name = &"Spine"
bind/2/bone = 2
bind/2/pose = Transform3D(1, -1.6542e-16, -2.19847e-15, 1.6542e-16, 1, 3.35276e-08, 2.19847e-15, -5.21541e-08, 1, 1.27814e-16, -0.979042, 0.0155288)
bind/3/name = &"Chest"
bind/3/bone = 3
bind/3/pose = Transform3D(1, -9.455e-16, -3.42025e-15, 9.45501e-16, 1, 1.63913e-07, 3.42025e-15, -1.78814e-07, 1, 1.07483e-15, -1.16033, 0.00650848)
bind/4/name = &"Spine_03"
bind/4/bone = 4
bind/4/pose = Transform3D(1, -9.49794e-16, -3.54188e-15, 9.49794e-16, 1, -3.72529e-08, 3.54188e-15, 2.23517e-08, 1, 1.15461e-15, -1.33745, 0.0326623)
bind/5/name = &"Neck"
bind/5/bone = 5
bind/5/pose = Transform3D(1, 2.7181e-15, -3.01878e-15, -2.20405e-15, 0.987303, 0.158851, 3.41223e-15, -0.158851, 0.987303, -4.0115e-15, -1.42678, 0.254033)
bind/6/name = &"Head"
bind/6/bone = 6
bind/6/pose = Transform3D(1, 2.7696e-15, -2.95833e-15, -2.2645e-15, 0.987303, 0.158851, 3.36072e-15, -0.158851, 0.987303, -4.36013e-15, -1.54842, 0.254033)
bind/7/name = &"Eyes"
bind/7/bone = 7
bind/7/pose = Transform3D(1, 1.97456e-15, -2.95833e-15, -2.2645e-15, 0.703888, 0.158851, 3.36072e-15, -0.113251, 0.987303, -2.93612e-15, -1.1897, 0.0720172)
bind/8/name = &"Eyebrows"
bind/8/bone = 8
bind/8/pose = Transform3D(1, 2.7696e-15, -2.95833e-15, -2.2645e-15, 0.987303, 0.158851, 3.36072e-15, -0.158851, 0.987303, -4.34749e-15, -1.69283, 0.152966)
bind/9/name = &"LeftShoulder"
bind/9/bone = 9
bind/9/pose = Transform3D(0.469511, 8.3694e-09, 0.882927, 0.882852, -0.0129833, -0.469471, 0.0114633, 0.999916, -0.00609585, -0.0469181, -0.0413178, -1.39276)
bind/10/name = &"LeftUpperArm"
bind/10/bone = 10
bind/10/pose = Transform3D(-0.0146767, -0.00592727, -0.999875, 0.99613, -0.0867546, -0.0141074, -0.0866602, -0.996212, 0.00717765, -0.0373721, -0.0703101, 1.40202)
bind/11/name = &"LeftLowerArm"
bind/11/bone = 11
bind/11/pose = Transform3D(-0.000417541, -0.999982, 0.00593409, 0.997532, 1.6314e-07, 0.0702126, -0.0702113, 0.00594871, 0.997514, 1.36145, -0.524114, 0.0821362)
bind/12/name = &"LeftHand"
bind/12/bone = 12
bind/12/pose = Transform3D(0.0702114, -0.00594871, -0.997515, 0.997532, 1.6314e-07, 0.0702126, -0.000417542, -0.999982, 0.00593409, -0.0821363, -0.795259, 1.36145)
bind/13/name = &"LeftThumbMetacarpal"
bind/13/bone = 13
bind/13/pose = Transform3D(0.157162, 0.983186, 0.0929831, 0.83172, -0.182644, 0.525452, 0.5336, -0.00524533, -0.84644, -1.45875, -0.453585, -0.429146)
bind/14/name = &"LeftThumbProximal"
bind/14/bone = 14
bind/14/pose = Transform3D(0.41754, 0.890781, 0.17936, 0.848491, -0.453189, 0.275497, 0.326692, 0.0371543, -0.945045, -1.57013, -0.159251, -0.297812)
bind/15/name = &"LeftThumbDistal"
bind/15/bone = 15
bind/15/pose = Transform3D(0.41754, 0.890781, 0.17936, 0.848491, -0.453189, 0.275497, 0.326691, 0.0371541, -0.945044, -1.57013, -0.215939, -0.297812)
bind/16/name = &"LeftIndexProximal"
bind/16/bone = 16
bind/16/pose = Transform3D(0.131253, -0.0059375, -0.991331, 0.991306, -0.00852542, 0.1313, -0.00923115, -0.999946, 0.00476694, -0.117878, -0.883127, 1.37323)
bind/17/name = &"LeftIndexIntermediate"
bind/17/bone = 17
bind/17/pose = Transform3D(0.109569, -0.00138443, -0.993979, 0.973031, -0.204073, 0.107544, -0.202993, -0.978955, -0.0210129, -0.103623, -0.640016, 1.52748)
bind/18/name = &"LeftIndexDistal"
bind/18/bone = 18
bind/18/pose = Transform3D(0.109569, -0.0013844, -0.993979, 0.97303, -0.204073, 0.107544, -0.202994, -0.978955, -0.021013, -0.103623, -0.677929, 1.52748)
bind/19/name = &"IndexFinger_04"
bind/19/bone = 19
bind/19/pose = Transform3D(0.109569, -0.00138442, -0.993978, 0.973031, -0.204073, 0.107544, -0.202993, -0.978955, -0.0210129, -0.10554, -0.715431, 1.52317)
bind/20/name = &"LeftLittleProximal"
bind/20/bone = 20
bind/20/pose = Transform3D(-0.0884791, -0.00587388, -0.996061, 0.98976, -0.112967, -0.0872532, -0.11201, -0.993582, 0.0158091, 0.0208272, -0.742483, 1.45286)
bind/21/name = &"LeftLittleIntermediate"
bind/21/bone = 21
bind/21/pose = Transform3D(-0.0504261, -0.0118711, -0.998657, 0.986728, -0.155129, -0.0479797, -0.154351, -0.987823, 0.0195361, -0.00705766, -0.722211, 1.48519)
bind/22/name = &"LeftLittleDistal"
bind/22/bone = 22
bind/22/pose = Transform3D(-0.0504257, -0.0118711, -0.998658, 0.986729, -0.155129, -0.0479792, -0.154351, -0.987823, 0.019536, -0.00705766, -0.757344, 1.48519)
bind/23/name = &"Finger_04"
bind/23/bone = 23
bind/23/pose = Transform3D(-0.0504261, -0.0118711, -0.998657, 0.986728, -0.155129, -0.0479797, -0.154351, -0.987823, 0.0195362, -0.0112869, -0.786556, 1.47964)
bind/24/name = &"RightShoulder"
bind/24/bone = 24
bind/24/pose = Transform3D(0.469511, 1.15252e-07, -0.882927, -0.882852, -0.0130328, -0.469471, -0.0115071, 0.999915, -0.00611905, 0.046918, -0.0412486, -1.39277)
bind/25/name = &"RightUpperArm"
bind/25/bone = 25
bind/25/pose = Transform3D(-0.0146786, 0.00594978, 0.999875, -0.99613, -0.0867501, -0.0141074, 0.0866553, -0.996212, 0.00720021, 0.0373404, -0.0703165, 1.40202)
bind/26/name = &"RightLowerArm"
bind/26/bone = 26
bind/26/pose = Transform3D(-0.000419185, 0.999982, -0.00595665, -0.997532, 1.06218e-07, 0.0702126, 0.0702113, 0.0059713, 0.997514, -1.36145, -0.524114, 0.0821055)
bind/27/name = &"RightHand"
bind/27/bone = 27
bind/27/pose = Transform3D(0.0702113, 0.0059713, 0.997514, -0.997532, 1.06218e-07, 0.0702126, 0.000419185, -0.999982, 0.00595665, 0.0821055, -0.795259, 1.36145)
bind/28/name = &"RightThumbMetacarpal"
bind/28/bone = 28
bind/28/pose = Transform3D(0.000418628, -0.999982, 0.00595659, -0.774415, 0.00345026, 0.633629, -0.633639, -0.00487805, -0.7744, 1.34949, -0.65801, -0.513935)
bind/29/name = &"RightThumbProximal"
bind/29/bone = 29
bind/29/pose = Transform3D(0.000418692, -0.999982, 0.0059566, -0.774415, 0.00344993, 0.63363, -0.633639, -0.00487816, -0.7744, 1.33769, -0.720173, -0.521639)
bind/30/name = &"RightThumbDistal"
bind/30/bone = 30
bind/30/pose = Transform3D(0.000419198, -0.999982, 0.00595668, -0.774415, 0.00344966, 0.633629, -0.633638, -0.0048785, -0.7744, 1.31196, -0.767171, -0.540124)
bind/31/name = &"RightIndexProximal"
bind/31/bone = 31
bind/31/pose = Transform3D(0.0702114, 0.00597131, 0.997514, -0.997532, 1.09918e-07, 0.0702127, 0.000419186, -0.999982, 0.00595665, 0.0627212, -0.900845, 1.36533)
bind/32/name = &"RightIndexIntermediate"
bind/32/bone = 32
bind/32/pose = Transform3D(0.0702116, 0.00597133, 0.997515, -0.997532, 3.56959e-07, 0.0702128, 0.000418917, -0.999982, 0.00595671, 0.0602109, -0.941702, 1.36496)
bind/33/name = &"RightIndexDistal"
bind/33/bone = 33
bind/33/pose = Transform3D(0.0787922, -0.0478575, 0.995742, -0.310165, 0.948094, 0.0701106, -0.947412, -0.314369, 0.0598587, 0.140239, -1.59085, -0.503047)
bind/34/name = &"IndexFinger_04 1"
bind/34/bone = 34
bind/34/pose = Transform3D(0.0787922, -0.0478575, 0.995742, -0.310165, 0.948094, 0.0701106, -0.947412, -0.314369, 0.0598587, 0.140465, -1.59085, -0.540839)
bind/35/name = &"RightLittleProximal"
bind/35/bone = 35
bind/35/pose = Transform3D(0.0702113, 0.00597131, 0.997515, -0.997532, 3.96163e-07, 0.0702127, 0.000418989, -0.999982, 0.00595669, 0.121873, -0.892534, 1.36053)
bind/36/name = &"RightLittleIntermediate"
bind/36/bone = 36
bind/36/pose = Transform3D(0.0702113, 0.00597127, 0.997515, -0.997532, 3.72301e-07, 0.0702127, 0.000418955, -0.999982, 0.00595664, 0.128552, -0.934221, 1.35577)
bind/37/name = &"RightLittleDistal"
bind/37/bone = 37
bind/37/pose = Transform3D(0.0702118, 0.00597127, 0.997515, -0.997532, 1.41488e-07, 0.0702131, 0.000419129, -0.999982, 0.00595662, 0.1327, -0.968684, 1.35035)
bind/38/name = &"Finger_04 1"
bind/38/bone = 38
bind/38/pose = Transform3D(0.0702113, 0.0059713, 0.997514, -0.997532, 1.19209e-07, 0.0702126, 0.000419156, -0.999982, 0.00595665, 0.140212, -0.995982, 1.34033)
bind/39/name = &"RightUpperLeg"
bind/39/bone = 39
bind/39/pose = Transform3D(-1, -1.49012e-08, 5.96046e-08, 2.6077e-08, -1, 3.88717e-18, -1.18699e-07, -2.60478e-08, 1, -0.098967, 0.831558, 0.0204691)
bind/40/name = &"RightLowerLeg"
bind/40/bone = 40
bind/40/pose = Transform3D(1, 1.062e-08, -1.04308e-07, 2.44673e-08, -1, 6.82718e-08, 0, -3.00563e-08, -1, 0.111642, 0.43245, -0.0204691)
bind/41/name = &"RightFoot"
bind/41/bone = 41
bind/41/pose = Transform3D(-1, -8.92873e-18, 3.18392e-17, -1.78814e-07, -3.57628e-07, 1, -1.14288e-08, 1, 3.8743e-07, -0.114443, 0.0368737, -0.0556941)
bind/42/name = &"RightToes"
bind/42/bone = 42
bind/42/pose = Transform3D(1, -1.54057e-16, -1.04435e-16, -1.78814e-07, -8.9407e-08, 1, 1.14288e-08, -1, -1.19209e-07, 0.114443, -0.0595126, -0.00297975)
bind/43/name = &"Toes_R"
bind/43/bone = 43
bind/43/pose = Transform3D(1, -6.44731e-15, -4.32025e-17, -1.78814e-07, -8.94069e-08, 1, 1.14288e-08, -1, -1.19209e-07, 0.114443, -0.13247, -0.00297974)
bind/44/name = &"LeftUpperLeg"
bind/44/bone = 44
bind/44/pose = Transform3D(-1, 1.11759e-08, 1.19209e-07, -2.6077e-08, -1, 0, 1.18233e-07, -2.60626e-08, 1, 0.0989671, 0.831558, 0.0204691)
bind/45/name = &"LeftLowerLeg"
bind/45/bone = 45
bind/45/pose = Transform3D(1, -7.82604e-09, -8.9407e-08, -2.40017e-08, -1, 6.82718e-08, 1.49012e-08, -2.6331e-08, -1, -0.111642, 0.43245, -0.0204691)
bind/46/name = &"LeftFoot"
bind/46/bone = 46
bind/46/pose = Transform3D(-1, -2.49614e-09, 1.90375e-07, 1.63913e-07, -3.27826e-07, 1, 1.09632e-08, 1, 3.57628e-07, 0.114443, 0.0368738, -0.0556941)
bind/47/name = &"LeftToes"
bind/47/bone = 47
bind/47/pose = Transform3D(1, 2.49609e-09, -1.90375e-07, 1.63913e-07, -5.96046e-08, 1, -1.09632e-08, -1, -8.9407e-08, -0.114443, -0.0595125, -0.00297975)
bind/48/name = &"Toes_L"
bind/48/bone = 48
bind/48/pose = Transform3D(1, 2.4961e-09, -1.90375e-07, 1.63913e-07, -5.96054e-08, 1, -1.09632e-08, -1, -8.94077e-08, -0.114443, -0.13247, -0.00297975)
metadata/humanoid_rotation_delta = {
"Chest": Transform3D(-2.77191e-15, -3.82347e-15, 1, 0.989273, 0.14608, 3.3007e-15, -0.14608, 0.989273, 3.37753e-15, -3.21606e-16, 0, 0),
"Eyebrows": Transform3D(1, 5.55143e-16, -6.12441e-15, 4.24773e-16, 0.987303, 0.158851, 6.13483e-15, -0.158851, 0.987303, -1.90633e-15, 0, 0),
"Eyes": Transform3D(1, 5.55143e-16, -6.12441e-15, 4.24773e-16, 0.987303, 0.158851, 6.13483e-15, -0.158851, 0.987303, -1.83579e-15, 0, 0),
"Finger_04": Transform3D(-0.0504261, -0.0118711, -0.998657, 0.986728, -0.155129, -0.0479797, -0.154351, -0.987823, 0.0195362, 0, 0, 0),
"Finger_04 1": Transform3D(0.0702113, -0.0059713, -0.997514, -0.997532, -1.19209e-07, -0.0702126, 0.000419156, 0.999982, -0.00595665, 0, 0, 0),
"Head": Transform3D(1, -3.55632e-16, -3.97833e-15, 9.83077e-16, 0.987303, 0.158851, 3.87132e-15, -0.158851, 0.987303, -1.23622e-15, 0, 0),
"Hips": Transform3D(0, 0, 1, 0.988775, 0.149412, 0, -0.149412, 0.988775, 0, 0, 0, 0),
"IndexFinger_04": Transform3D(0.109569, -0.00138442, -0.993978, 0.973031, -0.204073, 0.107544, -0.202993, -0.978955, -0.0210129, 0, 0, 0),
"IndexFinger_04 1": Transform3D(0.0787922, 0.0478575, -0.995742, -0.310165, -0.948094, -0.0701106, -0.947412, 0.314369, -0.0598587, 0, 0, 0),
"Item_Pouch": Transform3D(1.05988, 0, 0, 0, 1.05859, -0.0522581, 0, 0.0522581, 1.05859, 0, 0, 0),
"Item_SwordSheath": Transform3D(0.258133, -0.238648, 0.93617, 0.549586, 0.833217, 0.0608647, -0.794558, 0.498794, 0.346239, 0, 0, 0),
"Item_WarriorSholderArmor": Transform3D(0.469511, 6.56306e-09, 0.882927, 0.882852, -0.0129832, -0.469472, 0.0114632, 0.999916, -0.00609583, 0, 0, 0),
"Item_WarriorSholderArmor 1": Transform3D(-0.000505389, -0.0328861, 0.999459, -0.99913, 0.0416843, 0.000866319, -0.0416903, -0.998589, -0.0328785, 0, 0, 0),
"LeftFoot": Transform3D(-1.63913e-07, -9.68575e-08, 1, -0.854183, -0.519973, -1.63913e-07, 0.519973, -0.854183, -1.09632e-08, 0, 0, 0),
"LeftHand": Transform3D(0.0702114, -0.00594871, -0.997515, 0.997532, 1.6314e-07, 0.0702126, -0.000417542, -0.999982, 0.00593409, 0, 0, 0),
"LeftIndexDistal": Transform3D(0.0507063, 0.0153241, -0.998596, 0.992179, 0.113422, 0.052121, 0.114062, -0.993429, -0.00945292, 0, 0, 0),
"LeftIndexIntermediate": Transform3D(1.28867e-08, -0.00141417, -0.999999, 1, -1.07057e-06, 7.15264e-08, -1.09693e-06, -0.999999, 0.00141423, 0, 0, 0),
"LeftIndexProximal": Transform3D(0, -0.00593772, -0.999983, 1, 8.37446e-07, 5.21541e-08, 8.10862e-07, -0.999982, 0.00593777, 0, 0, 0),
"LeftLittleDistal": Transform3D(0.140825, 0.0374621, -0.989326, 0.972665, 0.181128, 0.145312, 0.184638, -0.982746, -0.0109307, 0, 0, 0),
"LeftLittleIntermediate": Transform3D(-5.47007e-09, -0.0120166, -0.999928, 1, 4.84571e-07, 4.91966e-08, 4.57671e-07, -0.999928, 0.0120166, 0, 0, 0),
"LeftLittleProximal": Transform3D(-1.19209e-07, -0.00591168, -0.999983, 1, -1.11137e-06, -5.21541e-08, -1.13732e-06, -0.999983, 0.00591173, 0, 0, 0),
"LeftLowerArm": Transform3D(8.50332e-06, -0.999982, 0.00594875, 0.999999, 1.6314e-07, -0.00140642, 0.00140645, 0.00594871, 0.999981, 0, 0, 0),
"LeftLowerLeg": Transform3D(-0.00742955, -0.168194, 0.985726, -0.999026, 0.0441294, -1.49012e-08, -0.0434995, -0.984766, -0.168358, 0, 0, 0),
"LeftShoulder": Transform3D(5.0377e-08, 7.45058e-09, 1, 1, 1.49012e-07, -2.87727e-15, -1.23393e-07, 1, -5.96046e-08, 0, 0, 0),
"LeftThumbDistal": Transform3D(0.41754, 0.890781, 0.17936, 0.848491, -0.453189, 0.275497, 0.326691, 0.0371541, -0.945044, 0, 0, 0),
"LeftThumbMetacarpal": Transform3D(-2.12807e-07, 0.999986, -0.00533214, 1.00061, 2.05124e-07, 5.96046e-08, -1.49012e-07, -0.00533533, -1.00059, 0, 0, 0),
"LeftThumbProximal": Transform3D(-7.93865e-07, 0.999132, 0.041648, 1.00061, 7.82311e-07, 1.78814e-07, -1.19209e-07, 0.0416734, -0.99974, 0, 0, 0),
"LeftToes": Transform3D(1.90375e-07, -2.49609e-09, -1, -1, 5.96046e-08, -1.63913e-07, 8.9407e-08, 1, 1.09632e-08, 0, 0, 0),
"LeftUpperArm": Transform3D(-0.00425761, -0.00630001, -0.999971, 0.999982, -0.00426862, -0.00423071, -0.00424187, -0.999971, 0.00631812, 0, 0, 0),
"LeftUpperLeg": Transform3D(0.0317411, 0.999496, 1.19209e-07, -0.999496, 0.0317411, 0, -2.98023e-08, -1.17347e-07, 1, 0, 0, 0),
"Neck": Transform3D(-9.83077e-16, 3.87132e-15, -1, 1, 7.45058e-09, -9.83077e-16, -1.49012e-08, -1, -3.87132e-15, -9.60758e-16, 0, 0),
"RightFoot": Transform3D(0, 0, 1, 0.854183, 0.519973, 1.78814e-07, -0.519972, 0.854183, 1.14288e-08, 0, 0, 0),
"RightHand": Transform3D(0.0702113, -0.0059713, -0.997514, -0.997532, -1.06218e-07, -0.0702126, 0.000419185, 0.999982, -0.00595665, 0, 0, 0),
"RightIndexDistal": Transform3D(0.00596823, 0.0523859, -0.998609, 0.000138609, -0.998627, -0.0523861, -0.999982, 0.000174254, -0.00596738, 0, 0, 0),
"RightIndexIntermediate": Transform3D(-0.0377402, -0.013967, -0.99919, -0.97818, -0.203911, 0.0397969, -0.204301, 0.97889, -0.00596665, 0, 0, 0),
"RightIndexProximal": Transform3D(-0.061322, -0.00649439, -0.998097, -0.998078, -0.00851029, 0.0613762, -0.00889268, 0.999943, -0.00596012, 0, 0, 0),
"RightLittleDistal": Transform3D(0.250126, 0.0825787, -0.964685, -0.908977, -0.323127, -0.263343, -0.333463, 0.942746, -0.00576063, 0, 0, 0),
"RightLittleIntermediate": Transform3D(0.118066, 0.0124955, -0.992927, -0.980924, -0.154035, -0.118578, -0.154427, 0.987986, -0.00592927, 0, 0, 0),
"RightLittleProximal": Transform3D(0.157203, 0.0118634, -0.987495, -0.981191, -0.111556, -0.15754, -0.11203, 0.993687, -0.00589683, 0, 0, 0),
"RightLowerArm": Transform3D(8.48066e-06, -0.999982, 0.00597138, -0.999999, -1.06218e-07, 0.00140644, -0.00140645, -0.0059713, -0.999981, 0, 0, 0),
"RightLowerLeg": Transform3D(-0.00742954, -0.168194, 0.985726, 0.999026, -0.0441294, 1.49012e-08, 0.0434995, 0.984766, 0.168358, 0, 0, 0),
"RightShoulder": Transform3D(3.91003e-07, -1.11759e-07, 1, -1, 4.94421e-05, 3.57628e-07, -4.94659e-05, -1, -2.98023e-08, 0, 0, 0),
"RightThumbDistal": Transform3D(0.000419198, 0.999982, -0.00595668, -0.774415, -0.00344966, -0.633629, -0.633638, 0.0048785, 0.7744, 0, 5.96046e-08, 5.96046e-08),
"RightThumbMetacarpal": Transform3D(-0.18531, 0.982666, -0.00525975, -0.975814, -0.184672, -0.122062, -0.120917, -0.0174868, 0.993121, 0, 0, 0),
"RightThumbProximal": Transform3D(-0.454191, 0.890885, -0.00579496, -0.829579, -0.425301, -0.363503, -0.326304, -0.160293, 0.932228, 0, 5.96046e-08, 0),
"RightToes": Transform3D(-3.04271e-15, 6.69603e-16, -1, 1, -8.9407e-08, 1.78814e-07, -1.19209e-07, -1, -1.14288e-08, 0, 0, 0),
"RightUpperArm": Transform3D(-0.00425765, -0.0063226, -0.999971, -0.999982, 0.00426407, 0.00423071, 0.00423722, 0.999971, -0.00634072, 0, 0, 0),
"RightUpperLeg": Transform3D(0.0317411, 0.999496, -5.96046e-08, 0.999496, -0.0317411, 0, 2.98023e-08, 1.17812e-07, -1, 0, 0, 0),
"Spine": Transform3D(-2.59604e-15, 1.89882e-15, -1, 0.998764, 0.0496955, -2.49847e-15, 0.0496955, -0.998765, -2.02549e-15, 5.38841e-18, 0, 0),
"Spine_03": Transform3D(-4.39891e-15, 2.55049e-15, -1, 0.997111, 0.0759622, -4.19245e-15, 0.0759622, -0.997111, -2.87727e-15, -7.41585e-16, 0, 0),
"Toes_L": Transform3D(1, -2.49609e-09, 1.90375e-07, 1.63913e-07, 5.96054e-08, -1, -1.09632e-08, 1, 8.94077e-08, 0, 0, 0),
"Toes_R": Transform3D(1, 6.69603e-16, -3.04271e-15, -1.78814e-07, -8.94069e-08, 1, 1.14288e-08, -1, -1.19209e-07, 0, 0, 0)
}

[sub_resource type="Skin" id="Skin_hpch8"]
resource_name = "Skin2"
bind_count = 49
bind/0/name = &"Root 1"
bind/0/bone = 0
bind/0/pose = Transform3D(0, 0, 1, 0.988775, 0.149412, 0, -0.149412, 0.988775, 0, 0, 0, 0)
bind/1/name = &"Hips"
bind/1/bone = 1
bind/1/pose = Transform3D(1, -5.20835e-17, 6.0545e-17, 5.20835e-17, 1, -2.98023e-08, -6.0545e-17, 0, 1, 4.56395e-17, -0.876276, 2.98023e-08)
bind/2/name = &"Spine"
bind/2/bone = 2
bind/2/pose = Transform3D(1, -1.6542e-16, -2.19847e-15, 1.6542e-16, 1, 3.35276e-08, 2.19847e-15, -5.21541e-08, 1, 1.27814e-16, -0.979042, 0.0155288)
bind/3/name = &"Chest"
bind/3/bone = 3
bind/3/pose = Transform3D(1, -9.455e-16, -3.42025e-15, 9.45501e-16, 1, 1.63913e-07, 3.42025e-15, -1.78814e-07, 1, 1.07483e-15, -1.16033, 0.00650848)
bind/4/name = &"Spine_03"
bind/4/bone = 4
bind/4/pose = Transform3D(1, -9.49794e-16, -3.54188e-15, 9.49794e-16, 1, -3.72529e-08, 3.54188e-15, 2.23517e-08, 1, 1.15461e-15, -1.33745, 0.0326623)
bind/5/name = &"Neck"
bind/5/bone = 5
bind/5/pose = Transform3D(1, 2.7181e-15, -3.01878e-15, -2.20405e-15, 0.987303, 0.158851, 3.41223e-15, -0.158851, 0.987303, -4.0115e-15, -1.42678, 0.254033)
bind/6/name = &"Head"
bind/6/bone = 6
bind/6/pose = Transform3D(1, 2.7696e-15, -2.95833e-15, -2.2645e-15, 0.987303, 0.158851, 3.36072e-15, -0.158851, 0.987303, -4.36013e-15, -1.54842, 0.254033)
bind/7/name = &"Eyes"
bind/7/bone = 7
bind/7/pose = Transform3D(1, 2.7696e-15, -2.95833e-15, -2.2645e-15, 0.987303, 0.158851, 3.36072e-15, -0.158851, 0.987303, -4.25874e-15, -1.66119, 0.147876)
bind/8/name = &"Eyebrows"
bind/8/bone = 8
bind/8/pose = Transform3D(1, 2.7696e-15, -2.95833e-15, -2.2645e-15, 0.987303, 0.158851, 3.36072e-15, -0.158851, 0.987303, -4.35068e-15, -1.69396, 0.153149)
bind/9/name = &"LeftShoulder"
bind/9/bone = 9
bind/9/pose = Transform3D(0.469511, 8.3694e-09, 0.882927, 0.882852, -0.0129833, -0.469471, 0.0114633, 0.999916, -0.00609585, -0.0469181, -0.0413178, -1.39276)
bind/10/name = &"LeftUpperArm"
bind/10/bone = 10
bind/10/pose = Transform3D(-0.0146767, -0.00592727, -0.999875, 0.99613, -0.0867546, -0.0141074, -0.0866602, -0.996212, 0.00717765, -0.0373721, -0.0703101, 1.40202)
bind/11/name = &"LeftLowerArm"
bind/11/bone = 11
bind/11/pose = Transform3D(-0.000417541, -0.999982, 0.00593409, 0.997532, 1.6314e-07, 0.0702126, -0.0702113, 0.00594871, 0.997514, 1.36145, -0.524114, 0.0821362)
bind/12/name = &"LeftHand"
bind/12/bone = 12
bind/12/pose = Transform3D(0.0702114, -0.00594871, -0.997515, 0.997532, 1.6314e-07, 0.0702126, -0.000417542, -0.999982, 0.00593409, -0.0821363, -0.795259, 1.36145)
bind/13/name = &"LeftThumbMetacarpal"
bind/13/bone = 13
bind/13/pose = Transform3D(0.157162, 0.983186, 0.0929831, 0.83172, -0.182644, 0.525452, 0.5336, -0.00524533, -0.84644, -1.45875, -0.453585, -0.429146)
bind/14/name = &"LeftThumbProximal"
bind/14/bone = 14
bind/14/pose = Transform3D(0.41754, 0.890781, 0.17936, 0.848491, -0.453189, 0.275497, 0.326692, 0.0371543, -0.945045, -1.57013, -0.159251, -0.297812)
bind/15/name = &"LeftThumbDistal"
bind/15/bone = 15
bind/15/pose = Transform3D(0.41754, 0.890781, 0.17936, 0.848491, -0.453189, 0.275497, 0.326691, 0.0371541, -0.945044, -1.57013, -0.215939, -0.297812)
bind/16/name = &"LeftIndexProximal"
bind/16/bone = 16
bind/16/pose = Transform3D(0.131253, -0.0059375, -0.991331, 0.991306, -0.00852542, 0.1313, -0.00923115, -0.999946, 0.00476694, -0.117878, -0.883127, 1.37323)
bind/17/name = &"LeftIndexIntermediate"
bind/17/bone = 17
bind/17/pose = Transform3D(0.109569, -0.00138443, -0.993979, 0.973031, -0.204073, 0.107544, -0.202993, -0.978955, -0.0210129, -0.103623, -0.640016, 1.52748)
bind/18/name = &"LeftIndexDistal"
bind/18/bone = 18
bind/18/pose = Transform3D(0.109569, -0.0013844, -0.993979, 0.97303, -0.204073, 0.107544, -0.202994, -0.978955, -0.021013, -0.103623, -0.677929, 1.52748)
bind/19/name = &"IndexFinger_04"
bind/19/bone = 19
bind/19/pose = Transform3D(0.109569, -0.00138442, -0.993978, 0.973031, -0.204073, 0.107544, -0.202993, -0.978955, -0.0210129, -0.10554, -0.715431, 1.52317)
bind/20/name = &"LeftLittleProximal"
bind/20/bone = 20
bind/20/pose = Transform3D(-0.0884791, -0.00587388, -0.996061, 0.98976, -0.112967, -0.0872532, -0.11201, -0.993582, 0.0158091, 0.0208272, -0.742483, 1.45286)
bind/21/name = &"LeftLittleIntermediate"
bind/21/bone = 21
bind/21/pose = Transform3D(-0.0504261, -0.0118711, -0.998657, 0.986728, -0.155129, -0.0479797, -0.154351, -0.987823, 0.0195361, -0.00705766, -0.722211, 1.48519)
bind/22/name = &"LeftLittleDistal"
bind/22/bone = 22
bind/22/pose = Transform3D(-0.0504257, -0.0118711, -0.998658, 0.986729, -0.155129, -0.0479792, -0.154351, -0.987823, 0.019536, -0.00705766, -0.757344, 1.48519)
bind/23/name = &"Finger_04"
bind/23/bone = 23
bind/23/pose = Transform3D(-0.0504261, -0.0118711, -0.998657, 0.986728, -0.155129, -0.0479797, -0.154351, -0.987823, 0.0195362, -0.0112869, -0.786556, 1.47964)
bind/24/name = &"RightShoulder"
bind/24/bone = 24
bind/24/pose = Transform3D(0.469511, 1.15252e-07, -0.882927, -0.882852, -0.0130328, -0.469471, -0.0115071, 0.999915, -0.00611905, 0.046918, -0.0412486, -1.39277)
bind/25/name = &"RightUpperArm"
bind/25/bone = 25
bind/25/pose = Transform3D(-0.0146786, 0.00594978, 0.999875, -0.99613, -0.0867501, -0.0141074, 0.0866553, -0.996212, 0.00720021, 0.0373404, -0.0703165, 1.40202)
bind/26/name = &"RightLowerArm"
bind/26/bone = 26
bind/26/pose = Transform3D(-0.000419185, 0.999982, -0.00595665, -0.997532, 1.06218e-07, 0.0702126, 0.0702113, 0.0059713, 0.997514, -1.36145, -0.524114, 0.0821055)
bind/27/name = &"RightHand"
bind/27/bone = 27
bind/27/pose = Transform3D(0.0702113, 0.0059713, 0.997514, -0.997532, 1.06218e-07, 0.0702126, 0.000419185, -0.999982, 0.00595665, 0.0821055, -0.795259, 1.36145)
bind/28/name = &"RightThumbMetacarpal"
bind/28/bone = 28
bind/28/pose = Transform3D(0.000418628, -0.999982, 0.00595659, -0.774415, 0.00345026, 0.633629, -0.633639, -0.00487805, -0.7744, 1.34949, -0.65801, -0.513935)
bind/29/name = &"RightThumbProximal"
bind/29/bone = 29
bind/29/pose = Transform3D(0.000418692, -0.999982, 0.0059566, -0.774415, 0.00344993, 0.63363, -0.633639, -0.00487816, -0.7744, 1.33769, -0.720173, -0.521639)
bind/30/name = &"RightThumbDistal"
bind/30/bone = 30
bind/30/pose = Transform3D(0.000419198, -0.999982, 0.00595668, -0.774415, 0.00344966, 0.633629, -0.633638, -0.0048785, -0.7744, 1.31196, -0.767171, -0.540124)
bind/31/name = &"RightIndexProximal"
bind/31/bone = 31
bind/31/pose = Transform3D(0.0702114, 0.00597131, 0.997514, -0.997532, 1.09918e-07, 0.0702127, 0.000419186, -0.999982, 0.00595665, 0.0627212, -0.900845, 1.36533)
bind/32/name = &"RightIndexIntermediate"
bind/32/bone = 32
bind/32/pose = Transform3D(0.0702116, 0.00597133, 0.997515, -0.997532, 3.56959e-07, 0.0702128, 0.000418917, -0.999982, 0.00595671, 0.0602109, -0.941702, 1.36496)
bind/33/name = &"RightIndexDistal"
bind/33/bone = 33
bind/33/pose = Transform3D(0.0787922, -0.0478575, 0.995742, -0.310165, 0.948094, 0.0701106, -0.947412, -0.314369, 0.0598587, 0.140239, -1.59085, -0.503047)
bind/34/name = &"IndexFinger_04 1"
bind/34/bone = 34
bind/34/pose = Transform3D(0.0787922, -0.0478575, 0.995742, -0.310165, 0.948094, 0.0701106, -0.947412, -0.314369, 0.0598587, 0.140465, -1.59085, -0.540839)
bind/35/name = &"RightLittleProximal"
bind/35/bone = 35
bind/35/pose = Transform3D(0.0702113, 0.00597131, 0.997515, -0.997532, 3.96163e-07, 0.0702127, 0.000418989, -0.999982, 0.00595669, 0.121873, -0.892534, 1.36053)
bind/36/name = &"RightLittleIntermediate"
bind/36/bone = 36
bind/36/pose = Transform3D(0.0702113, 0.00597127, 0.997515, -0.997532, 3.72301e-07, 0.0702127, 0.000418955, -0.999982, 0.00595664, 0.128552, -0.934221, 1.35577)
bind/37/name = &"RightLittleDistal"
bind/37/bone = 37
bind/37/pose = Transform3D(0.0702118, 0.00597127, 0.997515, -0.997532, 1.41488e-07, 0.0702131, 0.000419129, -0.999982, 0.00595662, 0.1327, -0.968684, 1.35035)
bind/38/name = &"Finger_04 1"
bind/38/bone = 38
bind/38/pose = Transform3D(0.0702113, 0.0059713, 0.997514, -0.997532, 1.19209e-07, 0.0702126, 0.000419156, -0.999982, 0.00595665, 0.140212, -0.995982, 1.34033)
bind/39/name = &"RightUpperLeg"
bind/39/bone = 39
bind/39/pose = Transform3D(-1, -1.49012e-08, 5.96046e-08, 2.6077e-08, -1, 3.88717e-18, -1.18699e-07, -2.60478e-08, 1, -0.098967, 0.831558, 0.0204691)
bind/40/name = &"RightLowerLeg"
bind/40/bone = 40
bind/40/pose = Transform3D(1, 1.062e-08, -1.04308e-07, 2.44673e-08, -1, 6.82718e-08, 0, -3.00563e-08, -1, 0.111642, 0.43245, -0.0204691)
bind/41/name = &"RightFoot"
bind/41/bone = 41
bind/41/pose = Transform3D(-1, -8.92873e-18, 3.18392e-17, -1.78814e-07, -3.57628e-07, 1, -1.14288e-08, 1, 3.8743e-07, -0.114443, 0.0368737, -0.0556941)
bind/42/name = &"RightToes"
bind/42/bone = 42
bind/42/pose = Transform3D(1, -1.54057e-16, -1.04435e-16, -1.78814e-07, -8.9407e-08, 1, 1.14288e-08, -1, -1.19209e-07, 0.114443, -0.0595126, -0.00297975)
bind/43/name = &"Toes_R"
bind/43/bone = 43
bind/43/pose = Transform3D(1, -6.44731e-15, -4.32025e-17, -1.78814e-07, -8.94069e-08, 1, 1.14288e-08, -1, -1.19209e-07, 0.114443, -0.13247, -0.00297974)
bind/44/name = &"LeftUpperLeg"
bind/44/bone = 44
bind/44/pose = Transform3D(-1, 1.11759e-08, 1.19209e-07, -2.6077e-08, -1, 0, 1.18233e-07, -2.60626e-08, 1, 0.0989671, 0.831558, 0.0204691)
bind/45/name = &"LeftLowerLeg"
bind/45/bone = 45
bind/45/pose = Transform3D(1, -7.82604e-09, -8.9407e-08, -2.40017e-08, -1, 6.82718e-08, 1.49012e-08, -2.6331e-08, -1, -0.111642, 0.43245, -0.0204691)
bind/46/name = &"LeftFoot"
bind/46/bone = 46
bind/46/pose = Transform3D(-1, -2.49614e-09, 1.90375e-07, 1.63913e-07, -3.27826e-07, 1, 1.09632e-08, 1, 3.57628e-07, 0.114443, 0.0368738, -0.0556941)
bind/47/name = &"LeftToes"
bind/47/bone = 47
bind/47/pose = Transform3D(1, 2.49609e-09, -1.90375e-07, 1.63913e-07, -5.96046e-08, 1, -1.09632e-08, -1, -8.9407e-08, -0.114443, -0.0595125, -0.00297975)
bind/48/name = &"Toes_L"
bind/48/bone = 48
bind/48/pose = Transform3D(1, 2.4961e-09, -1.90375e-07, 1.63913e-07, -5.96054e-08, 1, -1.09632e-08, -1, -8.94077e-08, -0.114443, -0.13247, -0.00297975)
metadata/humanoid_rotation_delta = {
"Chest": Transform3D(-2.77191e-15, -3.82347e-15, 1, 0.989273, 0.14608, 3.3007e-15, -0.14608, 0.989273, 3.37753e-15, -3.21606e-16, 0, 0),
"Eyebrows": Transform3D(1, 5.55143e-16, -6.12441e-15, 4.24773e-16, 0.987303, 0.158851, 6.13483e-15, -0.158851, 0.987303, -1.90633e-15, 0, 0),
"Eyes": Transform3D(1, 5.55143e-16, -6.12441e-15, 4.24773e-16, 0.987303, 0.158851, 6.13483e-15, -0.158851, 0.987303, -1.83579e-15, 0, 0),
"Finger_04": Transform3D(-0.0504261, -0.0118711, -0.998657, 0.986728, -0.155129, -0.0479797, -0.154351, -0.987823, 0.0195362, 0, 0, 0),
"Finger_04 1": Transform3D(0.0702113, -0.0059713, -0.997514, -0.997532, -1.19209e-07, -0.0702126, 0.000419156, 0.999982, -0.00595665, 0, 0, 0),
"Head": Transform3D(1, -3.55632e-16, -3.97833e-15, 9.83077e-16, 0.987303, 0.158851, 3.87132e-15, -0.158851, 0.987303, -1.23622e-15, 0, 0),
"Hips": Transform3D(0, 0, 1, 0.988775, 0.149412, 0, -0.149412, 0.988775, 0, 0, 0, 0),
"IndexFinger_04": Transform3D(0.109569, -0.00138442, -0.993978, 0.973031, -0.204073, 0.107544, -0.202993, -0.978955, -0.0210129, 0, 0, 0),
"IndexFinger_04 1": Transform3D(0.0787922, 0.0478575, -0.995742, -0.310165, -0.948094, -0.0701106, -0.947412, 0.314369, -0.0598587, 0, 0, 0),
"Item_Pouch": Transform3D(1.05988, 0, 0, 0, 1.05859, -0.0522581, 0, 0.0522581, 1.05859, 0, 0, 0),
"Item_SwordSheath": Transform3D(0.258133, -0.238648, 0.93617, 0.549586, 0.833217, 0.0608647, -0.794558, 0.498794, 0.346239, 0, 0, 0),
"Item_WarriorSholderArmor": Transform3D(0.469511, 6.56306e-09, 0.882927, 0.882852, -0.0129832, -0.469472, 0.0114632, 0.999916, -0.00609583, 0, 0, 0),
"Item_WarriorSholderArmor 1": Transform3D(-0.000505389, -0.0328861, 0.999459, -0.99913, 0.0416843, 0.000866319, -0.0416903, -0.998589, -0.0328785, 0, 0, 0),
"LeftFoot": Transform3D(-1.63913e-07, -9.68575e-08, 1, -0.854183, -0.519973, -1.63913e-07, 0.519973, -0.854183, -1.09632e-08, 0, 0, 0),
"LeftHand": Transform3D(0.0702114, -0.00594871, -0.997515, 0.997532, 1.6314e-07, 0.0702126, -0.000417542, -0.999982, 0.00593409, 0, 0, 0),
"LeftIndexDistal": Transform3D(0.0507063, 0.0153241, -0.998596, 0.992179, 0.113422, 0.052121, 0.114062, -0.993429, -0.00945292, 0, 0, 0),
"LeftIndexIntermediate": Transform3D(1.28867e-08, -0.00141417, -0.999999, 1, -1.07057e-06, 7.15264e-08, -1.09693e-06, -0.999999, 0.00141423, 0, 0, 0),
"LeftIndexProximal": Transform3D(0, -0.00593772, -0.999983, 1, 8.37446e-07, 5.21541e-08, 8.10862e-07, -0.999982, 0.00593777, 0, 0, 0),
"LeftLittleDistal": Transform3D(0.140825, 0.0374621, -0.989326, 0.972665, 0.181128, 0.145312, 0.184638, -0.982746, -0.0109307, 0, 0, 0),
"LeftLittleIntermediate": Transform3D(-5.47007e-09, -0.0120166, -0.999928, 1, 4.84571e-07, 4.91966e-08, 4.57671e-07, -0.999928, 0.0120166, 0, 0, 0),
"LeftLittleProximal": Transform3D(-1.19209e-07, -0.00591168, -0.999983, 1, -1.11137e-06, -5.21541e-08, -1.13732e-06, -0.999983, 0.00591173, 0, 0, 0),
"LeftLowerArm": Transform3D(8.50332e-06, -0.999982, 0.00594875, 0.999999, 1.6314e-07, -0.00140642, 0.00140645, 0.00594871, 0.999981, 0, 0, 0),
"LeftLowerLeg": Transform3D(-0.00742955, -0.168194, 0.985726, -0.999026, 0.0441294, -1.49012e-08, -0.0434995, -0.984766, -0.168358, 0, 0, 0),
"LeftShoulder": Transform3D(5.0377e-08, 7.45058e-09, 1, 1, 1.49012e-07, -2.87727e-15, -1.23393e-07, 1, -5.96046e-08, 0, 0, 0),
"LeftThumbDistal": Transform3D(0.41754, 0.890781, 0.17936, 0.848491, -0.453189, 0.275497, 0.326691, 0.0371541, -0.945044, 0, 0, 0),
"LeftThumbMetacarpal": Transform3D(-2.12807e-07, 0.999986, -0.00533214, 1.00061, 2.05124e-07, 5.96046e-08, -1.49012e-07, -0.00533533, -1.00059, 0, 0, 0),
"LeftThumbProximal": Transform3D(-7.93865e-07, 0.999132, 0.041648, 1.00061, 7.82311e-07, 1.78814e-07, -1.19209e-07, 0.0416734, -0.99974, 0, 0, 0),
"LeftToes": Transform3D(1.90375e-07, -2.49609e-09, -1, -1, 5.96046e-08, -1.63913e-07, 8.9407e-08, 1, 1.09632e-08, 0, 0, 0),
"LeftUpperArm": Transform3D(-0.00425761, -0.00630001, -0.999971, 0.999982, -0.00426862, -0.00423071, -0.00424187, -0.999971, 0.00631812, 0, 0, 0),
"LeftUpperLeg": Transform3D(0.0317411, 0.999496, 1.19209e-07, -0.999496, 0.0317411, 0, -2.98023e-08, -1.17347e-07, 1, 0, 0, 0),
"Neck": Transform3D(-9.83077e-16, 3.87132e-15, -1, 1, 7.45058e-09, -9.83077e-16, -1.49012e-08, -1, -3.87132e-15, -9.60758e-16, 0, 0),
"RightFoot": Transform3D(0, 0, 1, 0.854183, 0.519973, 1.78814e-07, -0.519972, 0.854183, 1.14288e-08, 0, 0, 0),
"RightHand": Transform3D(0.0702113, -0.0059713, -0.997514, -0.997532, -1.06218e-07, -0.0702126, 0.000419185, 0.999982, -0.00595665, 0, 0, 0),
"RightIndexDistal": Transform3D(0.00596823, 0.0523859, -0.998609, 0.000138609, -0.998627, -0.0523861, -0.999982, 0.000174254, -0.00596738, 0, 0, 0),
"RightIndexIntermediate": Transform3D(-0.0377402, -0.013967, -0.99919, -0.97818, -0.203911, 0.0397969, -0.204301, 0.97889, -0.00596665, 0, 0, 0),
"RightIndexProximal": Transform3D(-0.061322, -0.00649439, -0.998097, -0.998078, -0.00851029, 0.0613762, -0.00889268, 0.999943, -0.00596012, 0, 0, 0),
"RightLittleDistal": Transform3D(0.250126, 0.0825787, -0.964685, -0.908977, -0.323127, -0.263343, -0.333463, 0.942746, -0.00576063, 0, 0, 0),
"RightLittleIntermediate": Transform3D(0.118066, 0.0124955, -0.992927, -0.980924, -0.154035, -0.118578, -0.154427, 0.987986, -0.00592927, 0, 0, 0),
"RightLittleProximal": Transform3D(0.157203, 0.0118634, -0.987495, -0.981191, -0.111556, -0.15754, -0.11203, 0.993687, -0.00589683, 0, 0, 0),
"RightLowerArm": Transform3D(8.48066e-06, -0.999982, 0.00597138, -0.999999, -1.06218e-07, 0.00140644, -0.00140645, -0.0059713, -0.999981, 0, 0, 0),
"RightLowerLeg": Transform3D(-0.00742954, -0.168194, 0.985726, 0.999026, -0.0441294, 1.49012e-08, 0.0434995, 0.984766, 0.168358, 0, 0, 0),
"RightShoulder": Transform3D(3.91003e-07, -1.11759e-07, 1, -1, 4.94421e-05, 3.57628e-07, -4.94659e-05, -1, -2.98023e-08, 0, 0, 0),
"RightThumbDistal": Transform3D(0.000419198, 0.999982, -0.00595668, -0.774415, -0.00344966, -0.633629, -0.633638, 0.0048785, 0.7744, 0, 5.96046e-08, 5.96046e-08),
"RightThumbMetacarpal": Transform3D(-0.18531, 0.982666, -0.00525975, -0.975814, -0.184672, -0.122062, -0.120917, -0.0174868, 0.993121, 0, 0, 0),
"RightThumbProximal": Transform3D(-0.454191, 0.890885, -0.00579496, -0.829579, -0.425301, -0.363503, -0.326304, -0.160293, 0.932228, 0, 5.96046e-08, 0),
"RightToes": Transform3D(-3.04271e-15, 6.69603e-16, -1, 1, -8.9407e-08, 1.78814e-07, -1.19209e-07, -1, -1.14288e-08, 0, 0, 0),
"RightUpperArm": Transform3D(-0.00425765, -0.0063226, -0.999971, -0.999982, 0.00426407, 0.00423071, 0.00423722, 0.999971, -0.00634072, 0, 0, 0),
"RightUpperLeg": Transform3D(0.0317411, 0.999496, -5.96046e-08, 0.999496, -0.0317411, 0, 2.98023e-08, 1.17812e-07, -1, 0, 0, 0),
"Spine": Transform3D(-2.59604e-15, 1.89882e-15, -1, 0.998764, 0.0496955, -2.49847e-15, 0.0496955, -0.998765, -2.02549e-15, 5.38841e-18, 0, 0),
"Spine_03": Transform3D(-4.39891e-15, 2.55049e-15, -1, 0.997111, 0.0759622, -4.19245e-15, 0.0759622, -0.997111, -2.87727e-15, -7.41585e-16, 0, 0),
"Toes_L": Transform3D(1, -2.49609e-09, 1.90375e-07, 1.63913e-07, 5.96054e-08, -1, -1.09632e-08, 1, 8.94077e-08, 0, 0, 0),
"Toes_R": Transform3D(1, 6.69603e-16, -3.04271e-15, -1.78814e-07, -8.94069e-08, 1, 1.14288e-08, -1, -1.19209e-07, 0, 0, 0)
}

[sub_resource type="Skin" id="Skin_5rwjq"]
resource_name = "Skin"
bind_count = 49
bind/0/name = &"Root 1"
bind/0/bone = 0
bind/0/pose = Transform3D(0, 0, 1, 0.988775, 0.149412, 0, -0.149412, 0.988775, 0, 0, 0, 0)
bind/1/name = &"Hips"
bind/1/bone = 1
bind/1/pose = Transform3D(1, -5.20835e-17, 6.0545e-17, 5.20835e-17, 1, -2.98023e-08, -6.0545e-17, 0, 1, 4.56395e-17, -0.876276, 2.98023e-08)
bind/2/name = &"Spine"
bind/2/bone = 2
bind/2/pose = Transform3D(1, -1.6542e-16, -2.19847e-15, 1.6542e-16, 1, 3.35276e-08, 2.19847e-15, -5.21541e-08, 1, 1.27814e-16, -0.979042, 0.0155288)
bind/3/name = &"Chest"
bind/3/bone = 3
bind/3/pose = Transform3D(1, -9.455e-16, -3.42025e-15, 9.45501e-16, 1, 1.63913e-07, 3.42025e-15, -1.78814e-07, 1, 1.07483e-15, -1.16033, 0.00650848)
bind/4/name = &"Spine_03"
bind/4/bone = 4
bind/4/pose = Transform3D(1, -9.49794e-16, -3.54188e-15, 9.49794e-16, 1, -3.72529e-08, 3.54188e-15, 2.23517e-08, 1, 1.15461e-15, -1.33745, 0.0326623)
bind/5/name = &"Neck"
bind/5/bone = 5
bind/5/pose = Transform3D(1, 2.7181e-15, -3.01878e-15, -2.20405e-15, 0.987303, 0.158851, 3.41223e-15, -0.158851, 0.987303, -4.0115e-15, -1.42678, 0.254033)
bind/6/name = &"Head"
bind/6/bone = 6
bind/6/pose = Transform3D(1, 2.7696e-15, -2.95833e-15, -2.2645e-15, 0.987303, 0.158851, 3.36072e-15, -0.158851, 0.987303, -4.36013e-15, -1.54842, 0.254033)
bind/7/name = &"Eyes"
bind/7/bone = 7
bind/7/pose = Transform3D(1, 1.97456e-15, -2.95833e-15, -2.2645e-15, 0.703888, 0.158851, 3.36072e-15, -0.113251, 0.987303, -2.93612e-15, -1.1897, 0.0720172)
bind/8/name = &"Eyebrows"
bind/8/bone = 8
bind/8/pose = Transform3D(1, 2.7696e-15, -2.95833e-15, -2.2645e-15, 0.987303, 0.158851, 3.36072e-15, -0.158851, 0.987303, -4.34749e-15, -1.69283, 0.152966)
bind/9/name = &"LeftShoulder"
bind/9/bone = 9
bind/9/pose = Transform3D(0.469511, 8.3694e-09, 0.882927, 0.882852, -0.0129833, -0.469471, 0.0114633, 0.999916, -0.00609585, -0.0469181, -0.0413178, -1.39276)
bind/10/name = &"LeftUpperArm"
bind/10/bone = 10
bind/10/pose = Transform3D(-0.0146767, -0.00592727, -0.999875, 0.99613, -0.0867546, -0.0141074, -0.0866602, -0.996212, 0.00717765, -0.0373721, -0.0703101, 1.40202)
bind/11/name = &"LeftLowerArm"
bind/11/bone = 11
bind/11/pose = Transform3D(-0.000417541, -0.999982, 0.00593409, 0.997532, 1.6314e-07, 0.0702126, -0.0702113, 0.00594871, 0.997514, 1.36145, -0.524114, 0.0821362)
bind/12/name = &"LeftHand"
bind/12/bone = 12
bind/12/pose = Transform3D(0.0702114, -0.00594871, -0.997515, 0.997532, 1.6314e-07, 0.0702126, -0.000417542, -0.999982, 0.00593409, -0.0821363, -0.795259, 1.36145)
bind/13/name = &"LeftThumbMetacarpal"
bind/13/bone = 13
bind/13/pose = Transform3D(0.157162, 0.983186, 0.0929831, 0.83172, -0.182644, 0.525452, 0.5336, -0.00524533, -0.84644, -1.45875, -0.453585, -0.429146)
bind/14/name = &"LeftThumbProximal"
bind/14/bone = 14
bind/14/pose = Transform3D(0.41754, 0.890781, 0.17936, 0.848491, -0.453189, 0.275497, 0.326692, 0.0371543, -0.945045, -1.57013, -0.159251, -0.297812)
bind/15/name = &"LeftThumbDistal"
bind/15/bone = 15
bind/15/pose = Transform3D(0.41754, 0.890781, 0.17936, 0.848491, -0.453189, 0.275497, 0.326691, 0.0371541, -0.945044, -1.57013, -0.215939, -0.297812)
bind/16/name = &"LeftIndexProximal"
bind/16/bone = 16
bind/16/pose = Transform3D(0.131253, -0.0059375, -0.991331, 0.991306, -0.00852542, 0.1313, -0.00923115, -0.999946, 0.00476694, -0.117878, -0.883127, 1.37323)
bind/17/name = &"LeftIndexIntermediate"
bind/17/bone = 17
bind/17/pose = Transform3D(0.109569, -0.00138443, -0.993979, 0.973031, -0.204073, 0.107544, -0.202993, -0.978955, -0.0210129, -0.103623, -0.640016, 1.52748)
bind/18/name = &"LeftIndexDistal"
bind/18/bone = 18
bind/18/pose = Transform3D(0.109569, -0.0013844, -0.993979, 0.97303, -0.204073, 0.107544, -0.202994, -0.978955, -0.021013, -0.103623, -0.677929, 1.52748)
bind/19/name = &"IndexFinger_04"
bind/19/bone = 19
