[gd_resource type="Skin" format=3 uid="uid://mtxu71kk58jm"]

[resource]
resource_name = "Skin"
bind_count = 29
bind/0/name = &"PA_WarriorRoot"
bind/0/bone = -1
bind/0/pose = Transform3D(2.83277e-16, 1, 0, -1, 2.83277e-16, 0, 0, 0, 1, 0, 0, 0)
bind/1/name = &"PA_WarriorBody"
bind/1/bone = -1
bind/1/pose = Transform3D(1.76962e-16, 0.624695, -0.780869, 6.04059e-16, 0.780869, 0.624695, 1, -5.82238e-16, -2.39169e-16, -13.1186, -16.3982, 1.2227e-14)
bind/2/name = &"PA_WarriorTail1"
bind/2/bone = -1
bind/2/pose = Transform3D(-2.80398e-16, -0.071247, -0.997459, 6.56132e-16, 0.997459, -0.071247, 1, -6.74442e-16, -2.32938e-16, -12.6107, -33.9848, 1.66299e-14)
bind/3/name = &"PA_WarriorTail2"
bind/3/bone = -1
bind/3/pose = Transform3D(-4.72051e-16, -0.371391, -0.928477, 1.31136e-16, 0.928477, -0.371391, 1, -2.97072e-16, -3.89585e-16, -15.0413, -40.4816, -7.18403e-15)
bind/4/name = &"PA_WarriorTail3"
bind/4/bone = -1
bind/4/pose = Transform3D(-4.26035e-16, -0.406138, -0.913812, -9.04109e-17, 0.913812, -0.406138, 1, -9.04109e-17, -4.26035e-16, -24.2668, -41.4261, -2.21464e-14)
bind/5/name = &"PA_WarriorTail4"
bind/5/bone = -1
bind/5/pose = Transform3D(-6.48089e-16, -0.617822, -0.786318, 4.41984e-16, 0.786318, -0.617822, 1, -7.47943e-16, -2.36537e-16, -22.9156, -48.5271, -3.91044e-15)
bind/6/name = &"PA_WarriorTail5"
bind/6/bone = -1
bind/6/pose = Transform3D(1, -7.47807e-16, -3.96642e-16, 7.47807e-16, 1, 1.11022e-16, 3.96642e-16, -1.11022e-16, 1, -2.96776e-14, -13, 62)
bind/7/name = &"PA_WarriorWeapon1"
bind/7/bone = -1
bind/7/pose = Transform3D(6.87047e-17, -0.242536, 0.970142, 8.45794e-18, 0.970142, 0.242536, -1, -8.45794e-18, 6.87047e-17, -2.66789, -30.5595, -3.52807e-15)
bind/8/name = &"PA_WarriorWeapon2"
bind/8/bone = -1
bind/8/pose = Transform3D(1, -1.95619e-16, 4.53902e-16, 1.95619e-16, 1, 1.11022e-16, -4.53902e-16, -1.11022e-16, 1, 4.05451e-15, -26, -22)
bind/9/name = &"PA_WarriorLtFrontLeg1"
bind/9/bone = -1
bind/9/pose = Transform3D(-1.04899e-15, -1, -1.66533e-16, 0.973367, -1.05923e-15, 0.22925, -0.22925, 7.83833e-17, 0.973367, 21, -2.80293, -3.17679)
bind/10/name = &"PA_WarriorLtFrontLeg2"
bind/10/bone = -1
bind/10/pose = Transform3D(0.637488, 0.755689, 0.150143, -0.735563, 0.65493, -0.173242, -0.22925, -2.48578e-17, 0.973367, -13.1711, -7.70582, -3.17679)
bind/11/name = &"PA_WarriorLtFrontLeg3"
bind/11/bone = -1
bind/11/pose = Transform3D(0.688275, -0.707107, 0.162105, 0.688275, 0.707107, 0.162105, -0.22925, 1.28913e-16, 0.973367, 10.0388, -32.3876, -3.17679)
bind/12/name = &"swarmWarriorLtFrontLeg4"
bind/12/bone = -1
bind/12/pose = Transform3D(0.10749, -0.993884, 0.0253165, 0.967414, 0.110432, 0.227848, -0.22925, 5.80936e-17, 0.973367, 15.9239, -28.7372, -3.17679)
bind/13/name = &"swarmWarriorLtFrontLeg5"
bind/13/bone = -1
bind/13/pose = Transform3D(0.973367, -9.71445e-16, 0.22925, 9.53083e-16, 1, 1.9082e-16, -0.22925, 3.27571e-17, 0.973367, -28.8029, -1, -3.17679)
bind/14/name = &"PA_WarriorLtRearLeg1"
bind/14/bone = -1
bind/14/pose = Transform3D(-1.04899e-15, -1, -1.66533e-16, 0.960872, -9.61818e-16, -0.276991, 0.276991, -4.50578e-16, 0.960872, 21, -2.43604, 1.23011)
bind/15/name = &"PA_WarriorLtRearLeg2"
bind/15/bone = -1
bind/15/pose = Transform3D(0.629305, 0.755689, -0.18141, -0.726121, 0.65493, 0.209319, 0.276991, -2.76578e-16, 0.960872, -12.9308, -7.98307, 1.23011)
bind/16/name = &"swarmWarriorLtRearLeg3"
bind/16/bone = -1
bind/16/pose = Transform3D(0.679439, -0.707107, -0.195862, 0.679439, 0.707107, -0.195862, 0.276991, -3.93457e-16, 0.960872, 10.2983, -32.1281, 1.23011)
bind/17/name = &"swarmWarriorLtRearLeg4"
bind/17/bone = -1
bind/17/pose = Transform3D(0.106111, -0.993884, -0.0305885, 0.954996, 0.110432, -0.275297, 0.276991, -2.98501e-16, 0.960872, 15.9644, -28.3726, 1.23011)
bind/18/name = &"swarmWarriorLtRearLeg5"
bind/18/bone = -1
bind/18/pose = Transform3D(0.960872, -9.29812e-16, -0.276991, 9.95678e-16, 1, 9.71445e-17, 0.276991, -3.69137e-16, 0.960872, -28.436, -1, 1.23011)
bind/19/name = &"PA_WarriorRtRearLeg1"
bind/19/bone = -1
bind/19/pose = Transform3D(5.05322e-16, 1, 4.996e-16, 0.960872, -6.23934e-16, 0.276991, 0.276991, 3.40083e-16, -0.960872, -21, 2.43605, -1.23011)
bind/20/name = &"PA_WarriorRtRearLeg2"
bind/20/bone = -1
bind/20/pose = Transform3D(0.629305, -0.755689, 0.18141, -0.726121, -0.65493, -0.209319, 0.276991, 4.06703e-16, -0.960872, 12.9308, 7.98306, -1.23011)
bind/21/name = &"swarmWarriorRtRearLeg3"
bind/21/bone = -1
bind/21/pose = Transform3D(0.679439, 0.707107, 0.195862, 0.679439, -0.707107, 0.195862, 0.276991, 3.92413e-16, -0.960872, -10.2983, 32.1281, -1.23012)
bind/22/name = &"swarmWarriorRtRearLeg4"
bind/22/bone = -1
bind/22/pose = Transform3D(0.106111, 0.993884, 0.0305885, 0.954996, -0.110432, 0.275297, 0.276991, 2.85019e-09, -0.960872, -15.9644, 28.3725, -1.23012)
bind/23/name = &"swarmWarriorRtRearLeg5"
bind/23/bone = -1
bind/23/pose = Transform3D(0.960872, 5.3751e-16, 0.276991, 1.12765e-08, -1, -3.91178e-08, 0.276991, 4.07107e-08, -0.960872, 28.4361, 1, -1.2301)
bind/24/name = &"PA_WarriorRtFrontLeg1"
bind/24/bone = -1
bind/24/pose = Transform3D(5.05322e-16, 1, 2.22045e-16, 0.973367, -4.4096e-16, -0.22925, -0.22925, 3.31976e-16, -0.973367, -21, 2.80293, 3.17678)
bind/25/name = &"PA_WarriorRtFrontLeg2"
bind/25/bone = -1
bind/25/pose = Transform3D(0.637488, -0.755689, -0.150143, -0.735563, -0.65493, 0.173242, -0.22925, 3.06126e-16, -0.973367, 13.1711, 7.70582, 3.17678)
bind/26/name = &"swarmWarriorRtFrontLeg3"
bind/26/bone = -1
bind/26/pose = Transform3D(0.688275, 0.707107, -0.162105, 0.688275, -0.707107, -0.162105, -0.22925, 3.56806e-16, -0.973367, -10.0388, 32.3876, 3.17678)
bind/27/name = &"swarmWarriorRtFrontLeg4"
bind/27/bone = -1
bind/27/pose = Transform3D(0.10749, 0.993884, -0.0253165, 0.967414, -0.110432, -0.227848, -0.22925, 3.35966e-16, -0.973367, -15.9239, 28.7372, 3.17679)
bind/28/name = &"swarmWarriorRtFrontLeg5"
bind/28/bone = -1
bind/28/pose = Transform3D(0.973367, 1.15186e-15, -0.22925, 1.05349e-15, -1, -5.51465e-16, -0.22925, 2.95265e-16, -0.973367, 28.803, 1, 3.17677)
